000000000000000000000000000000000000000000000000000000000000000000000000000000000000000000000000000000000000000000000000000000000000000000000
001000000000010000010010000000100000000000010002000000011000021202202220120010000000101001000002020000101000201120102000000000010202010000000
002000002010000022000000021210000001000000000000000100000010000000000000000000010000001002000000000200000000100000002010010000020002000220000
000000000000200000000002000000011000020001001102000000010000001101000200212000000200000000022022020001000000000120002000000000000000000000000
000100002000002002000000000001000002000000000000020012000000000000010100000000100000000000000000020201000020000000200020200010000100200022200
010000002000202000001210000001010000000120000102010000000101000000010000001000000001010000111220000000001000200020200000002000100000000000000
000200000000000020000000000000000000010000000000000010000200000000020210000010000001000010000000000101100000000000000020100010000000000001000
000200200020200000000012110000102000000202021000202020000001000000010000000000020100002000020000110100000100200000012000000000000000000001000
000100000000000000000000000010000000000002000000202000000002000010010020010010000000200010000020000101200100000000000000200000000122200010000
000202201202020000010012000000000102010200000120000000000001001000000000000000002000100000010000000100000000000200002020000201000000000000200
000000000000000001000000000000120000000002000000101000020202001022210120201000000010000100010000010000200000010200000000000001000202011120100
000000000000020000000000000000000000212002002000000010000001000000000000201020010000000000000000000210001000000202020000000202000000000000000
020000000000010011000002220200000000000000000000000020000100010002000000000000010100221000000010000000000000010200010002020100020002000000200
000001010011000000001000000000020010210122000000001000000000000001000002011010010000000000000000000020002020000000000100000202020200000000200
000200000000000002000001100221000010000000000000000000000021211202000200000010000000020002002120000000200000001000000002000000000001100220000
000000000010000000000000000000010000200000100000102020001000000002020002010000020200010000000000200000200000100000000000000000000000000000200
001012220000002001000002000001000000000000100010202000000000000000000000010112000002020002000000101010200200100110101002000000000020100000000
001000000210100000010002020000000000001000000010202001000000000202000000000000020200000200000000100010000100000000000001001010101000000000200
000002020000002000000200000210000020000000001000001000010002010201000000202002000000010002002000002000000200002020210002000010000000000000000
010200000000002000000002020000200000000000012001000001000000020200000000000000000200010000000000000000000100000000000000020000000000000212100
010100000000000000000201000010000000010001000002010000000020020000000100001000020000000110022002100002200000000000201022020000000000000000000
000000000000002000010001000000200000000000001000000000000000000000000000200010000202010000000000000000000002020000000000020012010002020000200
020210001010000000000100000000000020000020000000000000200002000000100000000020000200000112012002020000020200020200002001020000000000000020000
000000102010022020100210000102222000200000000000100120000000000200100001200000000001000000000001000100000201000000000001000012010112120000000
022200000000000000000000200000000010201002011000100000202020220000000100000010020000020200000102020001000100002000000000000000010000000200100
000000000002002222010020000020020000000000000020200020000000000210010000000000000000000100000000000100020000000000000010010000000000100000000
002011020000000000000000001000000001000200200000000000100000010000000020010102022000020000002000000100000000000000000000000200010200000000000
001000000210120010100200100000000102020000101000001000000020010012100000000000000000000010200020000000020001000001112120000200000001021120000
000001000000000000000000000010000201010000100010200000102000000000000200000000200210020000000020001000000000001000000000000000000000000000000
000000000000020112000202000010000100000000000000001000000010001200000000100000000000000120000000002001120001002020010000202011100000020000000
010000020000000000000001000000000002010000000000200011212020000000020000202102100000000000200010000000000000002000000020000000000000000002000
000102000202000000000000000010010000020221021000000000000000000202000000200000000000020000002000000200010001000000001020211000100000000000000
000100010202000011102020000000000000000000000000200020202020000000021010001000000002000000000010100000010200000001000010000000002020202021000
000000010000000000000000100010000000010000000000000000000020000000000000000010000200000122100000100200020000000000000010200220201000000000000
000000000000000000000100001000000002000011000020000200010010000002000210000000000200010000000000000000010202211020200020000000100020100100000
002000120212020000000000000000010000000000000000000000000010000000000000000000020002000020200020020001000200000000000000210000001010100000100
000010000000000000012010000000000000000200020001020001002020200102000110210000020002020000000000000200000001002200000000000000002000100000000
010010112200000020000020000000000000000000000000000000000000100001000000000000010000000011210220220000000001000000000000000000000020200001000
000020000000000000000020021200000020000200000000000000001020000000011112000000000022110000000000000000002002002000012000100001000000000000000
000000010000002000001000000001001010010000000211100000000000000000000000000200000000000001000200010002000000000000000000000000002000002012200
000020010000001010000000210000002010000001000000000000000000000000000000020200011010200001010001000000002000100020121012220122200000000000000
000000000001001010000010000021202020200001010000002000000000201222000000000000000010000200000000000001002000000000000000000000002020200022200
022120020000001000000000201000000000200000000000201000000000000000000110120001012000000000000200220100000001000000000001200001002010000000000
000000000100000000000200000020002020000000001200000000000022210010000000000000000000000001000000000001001002010000000000000000000000102002000
000000010000000000000100020000000020000202100000000200010000000010100000020110002000200002021000011000000000000000200200000022020020000000000
001000000000000010100000000000000000000000000200020100010020200000101000000000000000002000000000000000100002202020000000000000000000000002200
002000202010200000002000220100001010002200000101000000000020000200002010020000000002002022220000000000000000000010001000000000000100100000000
001000001010001000001000000001102000000000000202000000000020200200000000000000000000000000000100000001020000000010000001000000000000000021000
000000000000200000000020020200000011010000000000000021210010000100000000101100000020202221000102000000000000000010000000011120020102000010000
002000000100102000002000020200020000000000000002000000000000000000000000100000000000000000010000000020001010000020002212000000000000011010000
000010100100100000000010000000000002000220000000000100000200000000002020000002020020202000000202100010000020202000000000021002202002000000000
020000000100202000020020000000200000000000000000000000000202100200000000100200000000000001000100002010000020000000200010000000000000000000000
000000110000000000000000000000000000000201000000222100000100000001202120000002110000000001010100000000000000000000100010020000000001000202100
000020000020000001200012222200010000000002020210000002000100010000000000000200000000101000000002022100000010002010000000020000000000010000000
000000000000000000000000000001000002221002000000100200000000000202200000000000022200000001000000000002100100200000000000000100002000000001000
002021100010100000000002002200000000000000020200000100220000000000000000100010000000010001000010120000000000000212000001200000000000010000000
000000000000000000020100000000201001120000000001000000000000000010000000000020200222020100000000000000212120000000002000001100000000000000000
020100000000000101000101120200100000000000100000001000112020200000000022120000000000000000000000010020000000000011000000100000020020000000200
020000120100000000000000000000000102000000100000001000000000000000011000000020002012020100000000010010001021000000010000000102000020000020100
020000000000002100000100001102020002000000001010002010200000000202000000020000000000000200010000010020000000000001000000000001011000202010100
010201020000000000020001000000000202000100000010200010000000000100020000000000001010000100020100000000220002100202010000000000000000000000000
000000000002122000000100002202020200000001000000000010000000000000000000000010000000000002020002100010000000000100000212100000000000000002000
000001000000000002020000000001000002220000021220000000000000020000000000200000020201000200000000000000200020200000000000000000000020000200000
000000000201111000000000110000001000000000000000200000000000000100000010000222000002010100000002000200000000000002000000000000200000000002200
000101000200000010100020000000200000000000020200200200020200100001002000220000000001000200200000010000000021200002022220000000000000011200000
020100000000000000000000000020000000000000000000000000020000000000000000000020020002000000000000020200001000000000000000000000002022100000200
020000000102211000000020000000000021100101020000000000000000010000010100202000000000000010020000020000002010010010010100000000000000000010000
000100200000000020000000201120200000000000000212000000000000000000000000100000201012020000000000000000001000000020000000001000000100000000200
000000000000000000010000200000102000002000100000010002000020200010021000000010000000000100001002000100000010002000200200002000000200000000000
020021212120200210010020002100000000000020000000000002000000000000000000000000000020100000002000000000020000001020000000002000000000020010000
000000000000000000000000000000002010202000100000000000020001000012000020100000000000000000002000012000000200000000201000002010011000000000000
020020121022010000002020002000000010000000000200020102000000000000000000000100200020020001000000000000020000000100002010200000000000000202000
010000000000000020202010202000000020200200020000000002000001000020000002020100000000000000000000020000000000000200001000000000010000000000000
000202000000000020002000200020000020000000000000000000021101010000000001000000020000000010000000000000101000020000000000000001000000000000000
020000000000000010000000000010200000200000000110000000000002000020000000000000000001110010000022000010002010010100000000010000000212000000000
000102100000001010110010000010001000000000000000000000000200000010000002000000002100000000000000000000000000000000110002020000000000000102200
000000000021000000000000000000001002000000010010001212000101001000000002000200200000000000000010002000000101001000000200020000100000000000000
000000000000000000000000000210000000000000010020000000020000000002000000000000000010020000000010200001000000000000010002000000000000000002200
022210000200100002001001000000022000112000000000000000000000011000000010022100101000000000000010101000000000000000000000000000000000020000000
000000000100000000000001010000000000000000002020000200000000000001000020000000000000000001010020002000002020020200000020000000200012000010000
002000100000200000021002000000000200200101000010000001000000000000000020000200100100001000000000000000000000020201001000200020000000000000000
000000002000201002000000000000100000000000000000010000020101001010000000000000000100001020200200212100000002000000002020000000120201000020000
000000000010000000000202000100100202020020000001000021000000000000110020002120000000000000000000000002100100020001000020001000000201000000100
020220020000002000020000000000100000000000020001000000000000200000000000000000200201000002012120101000000202020001000000000002020200002020100
000000000000000002000010202100000010002000000000001010000100200000000010000220000000000002000000100001000000000001000000100000000200002000000
002000121000020200000000100001000000000000001000000000000000000102102000000000001010000000010000000000000202000000000000001200000100002011100
000000000002020002010220000000020000002000000000000100001002000200000020202000202020120000000000000001200100000020222000000000000000000000000
001001100102000102000000000000000110001020102110000000202000000002002000000000000000000000000201000000000000000000000000000000000000000000200
002000000100000000000200000210100000201000000000011000000000222000000000001000012020000001010200000000000100000010020002000020210202201020000
000000000002000202000200000000000000000000000011000000002000000000000200000000000000010000000100200000020102000000000000002020000000000020100
020020100001020000000000022200002100212200000000001000000000000100000000010000020200000110200000000000010201000220002021000020110000010000200
000000200002000001121201000000000000000000000120200012210010100000000100020000000002000000000020001000000000020000000000000020000000010020200
020100000001000000000000000000201002221122000000000000000000000000000000010000200100000200002000000000000200000222100010002000000000000000000
020000001002020202000000001000000000000000002000000201100100101010002210010000000002000000000020000000020201000000000000000000000000220200200
020010100002000001010110100000000000200210002000000100000100000000000000020020002000000012000000000200000000002001010002021002000000000000000
020000200002000002000000000000000200000000001020000000000100000000000200000010201000010000002012000100000200000001000100000000000000010122000
000000000100020000010010000000000000020210000000000100000100112000000200001000000000000000000000000001020002220002000000000002100000010000000
010000000000000201000020000000000000000000000110120002120000000000000000000020200000000020002010000000020200000000000002020100000000000102000
020020021202020200000000000000000002020101000000000000000000100000000000000000000102200000000000000100020000001100000200020000010001000000000
000000000000000200000000211000010000000001000100000000220220200000000000000002000000000020000000000100020021000000020000000110000100002000000
022000001200000100020000000010000000001000000000100000000000000001000000000000001112100000000000100001000000001000020200020000000000000000000
000000000000000000000001000010000000001000010000001001020010000000002000000222000000001200000000000000001021102000000002020200000202010202000
000100020110010200000201000010201002000002000002200000000000000020101020100000000002000001020002000000000000000012020002000000100002000100000
000100000000000000000102010000000000020002010000000011010100000010000000201010001201010002020000000000000000002000000200000200002000010001100
000000000000000102000200000000020202000001000202110000000000002020002020000000000000000200000001011000000000000000200200000000000000000000000
002000100000210000000000000000010002000000000000000000000000200020201000000002010000000001220000000021020000000100000202000100101000000102000
001000002000000000020000000000000000020000000200000102020010100000002020000000000021000100000111000000000000220100000002020100000000000202000
002000000022001000000110000000001101000010020200120200020010002000100000000000000000010200000000000000010000000000000202000002100200000200000
002000001000000000000000020201200002001000000000000000000000000000000122100200000000000000000010000000000000000001010001001000000001000002000
000011001000001202000100000000000002000000000011000000000000000012020000000002020000000021012000002000000000202000000002000000010000000000000
002000000000000001000101022000100002000100000000001110000000000000000000100002010000000000000010100000000000000000010000000000000000000001100
000000000101001000000000000000000000000000000010000000000000112202020000000000000202012000000020200002002120212010020100002011000001020200000
000000000101000001000101010000020022000000010020000000001000000000010000000000000000000010000000000100000000000000020000200000002000000000000
000202010000001000000002000000000000000000000000110000202000001010020001012020000000000020202102120000000200111002000020000021000000000200100
000002020200001002000100000000002002100002000000000000001000100000010000000000000001010000000000000002010000000000001000000000000011220200000
002000000000000000000000000000100000000000001000002110102020000200000000002000000001000000021220020000000000000000000020002001001000000000000
000000020000000200000000000200000002000002002001100000000000000100001000002000000000000011000000000000000000000010202000002000000020020000000
010020010000000000020000000000000100000000000000002200000020000000202000002002002000000000001110000000000000000000100000102000000000000002000
000000000000201002000000000210100002000000200020000000000000010100000000202000000010001002100000000000010002100001000000001000010000200000000
000000000010000000000000000000202200000000000000102012010000000001020100002020022000000000002001020012000000000001000000100002020000000002000
000000000000000000000022201200000000200000100000000000000000000000000000000000000000000200200000000000010210210000002000001002020102000200000
001010211000000000000000000000000200200000100000121010000000000000001000000002021000020000200202020010000000000020000000100000000001000000000
001020000000001100010010100000000000202000000000000000000011211000000010000200000001000000100000000000100021101010000000000000000000000011200
000000102100000000000020200000002000202010022000020001002000000021010000000001000201000200002120000100000000000020001000000000000000020000000
000020200000002000000000200100201000000010000000000000000001102000000000000001000000000000100000000000010101010000000000001012102000000200200
000010200100000000000020000000000010100000000000000010000000000021000000000000020222020000000000000000000000000020000000100000000000000000000
012010100000210020100000102020200000000000012020212000200000200000000001000000000000020201020211200000000020000000000000000000011000000000200
000010201000000000100000100000001220201000000000000020201020202012200000000001200010000000020000000200000000002202000000100000000000010000000
010000000000020000000000000000000000000001210122002020200000000000002020201000000000000020000000000201102000000000021000100000000001000000000
000000010010000000000000000010000202000000000000000000000002200000002000000000120001000000010000000000000020200020000000102020010000001000200
022211000000000001100000220020120200000020202201001000000000000000000002220200000100020100000002000101112010000000020000100000020101000000000
000000001000001000000000000000000000101020000000000000010000020002000000000000010001000000000100000000000000211002000000000100020002010200000
020210000021000000100202200000000000100000000200000000000000000000020020000010020000000020100002001100000010000000000201100000000000000000000
000000002000012100000000000000000000000002000002001000000000000000000000000000000200020000001002000002000000211200020000000000000020220002000
011010001020000000010000101000000000000000000000000000121010000100000101000101020000020000200000020000000000000001000000000000000000000101000
000010000010010000000000100000000001200010002000222020000000000100000000000000000000000000000012000002000010201200020000100002211000000001000
002000000020000000101000000000000000000000000010000000002120100001000000000000000100200000100000000001010000000000010010100000000020000002000
000000000000200000200000112020022220000000100000021020000000001000000020201000000200000000201000010000000101000201020000000002200000200000000
002000200020001000001200000000000000000120000000000020212020200020202020002000100200200020202000000211000000000000000222010000002020001212000
000000000000000000000000000000000000000000000000000000000000000000000000000000000000000000000000000000000000000000000000000000000000000000000