48 50 51 53 55 56 59 58
12 13 14 16 17 17
10 12 14 17 20 23 26 30
13 14 16 18 19 25
2 3 4 5 8 7 9
16 19 22 21 25
38 41 43 43 44 47 50 51
19 21 23 27 26
78 80 82 83 84 85 90 87
69 67 70 72 73 74 76
64 64 65 66 67
83 87 89 92 93 95 97
27 31 28 31 32
69 76 77 80 83
11 16 14 17 19 21
39 37 35 32 34
52 50 47 46 44 41 39 39
35 34 33 31 30 27 24 20
75 73 70 67 62
69 66 63 63 60
86 87 86 84 81
59 62 61 62 64
16 16 13 10 7 6 3
43 39 36 35 33 31
96 91 90 88 86 85 82
80 81 84 86 89 91 88
23 25 26 27 30 32 35 35
82 83 85 87 88 91 95
42 44 47 48 49 52 54 61
1 4 5 8 5 9
77 79 79 80 81 82 83
29 31 34 35 41 38
31 29 31 34 35 38 41 42
86 86 89 92 93
49 53 56 58 61 64 66
22 27 28 30 32
57 55 54 51 49 48 46 47
6 5 2 1 1
88 86 84 83 80 79 75
71 70 67 66 60
46 45 43 40 42 39 36
55 54 53 56 51
86 84 82 82 80 79
77 76 74 72 70 69 65 66
45 46 44 41 40 39 36
71 71 68 65 63 61 58
25 21 19 17 16 15
53 47 44 43 40 39
41 42 45 48 49 52 54 58
37 38 41 42 43 43 46
43 38 36 35 33 30 28
54 57 60 62 63 66 66
70 68 72 74 75 78
99 98 95 93 94
7 8 11 10 13
48 47 44 42 41 38 37 37
29 26 27 29 31 34
66 67 69 72 74 81
49 48 46 43 41 40 38 31
98 95 92 90 90 89
57 62 63 66 68 70 71
82 81 78 76 75 71
23 26 27 29 31 34 32
9 11 12 16 13
51 51 53 56 59 60
80 79 78 80 77
37 34 33 32 31 29 28
70 73 75 78 79 81 84 85
43 41 39 36 35 34 33 31
95 93 92 90 89 87 85 84
33 31 28 26 23 22 19 16
2 5 7 9 12 13
55 54 52 50 49 47
41 42 45 48 50 53 54 55
74 76 79 82 85 87 89 90
9 10 12 14 16 18 20 21
95 92 90 87 85 82
82 83 86 89 92 95 98
33 36 38 41 44 45 48 50
50 49 47 44 43
82 80 79 76 74 73 70
4 7 10 11 14
90 88 86 84 82 79
41 42 44 45 47 50 53 56
62 59 56 53 51 50 49 48
61 59 57 54 51 50 49
51 53 56 57 58 59 61
68 67 66 64 62 61 58
8 10 12 15 16 18
7 9 12 15 16
72 71 68 66 63
47 46 43 42 40 39 37 35
45 43 42 41 39 36
80 82 85 86 89 90 93 96
19 16 13 10 7 5 4
78 81 84 86 88 89 91
45 42 40 37 35
34 37 40 43 44 46 48 50
58 60 61 62 65 66
31 30 27 26 24 21 18
29 28 27 26 23
9 11 13 16 18 19 21 24
54 52 51 48 45 44 43
5 7 10 12 14 17 19 20
9 10 11 14 16 18
18 16 14 13 10
46 44 42 40 39 38 36
52 51 48 45 43
95 92 89 86 84 82
72 75 76 77 80 83
86 83 80 77 75
49 50 53 55 58
58 61 64 66 67 70 73 74
34 36 39 41 42 45
47 46 45 42 41
75 77 79 80 82 83 86
75 72 69 68 66 63
22 24 26 28 29
63 60 59 58 56 54 53
62 64 66 67 68
81 83 85 86 89 90 92
67 69 70 71 74 76
74 72 71 70 68 65 63
1 3 4 6 7
48 45 42 39 37 34
37 35 33 32 30 27
67 64 61 60 58 55 53 50
25 24 22 20 19
73 74 76 77 79 80 83
29 26 25 22 19
17 16 15 14 12 10
66 64 63 62 59 57 55 52
56 54 53 51 49
40 39 36 33 30 29 27 24
36 34 33 31 29
92 93 94 95 96 99
94 92 91 89 87
15 13 12 10 9 8 5
43 41 39 36 34 33 32
70 68 65 63 62 60 59
28 25 24 21 19 18
93 92 91 88 85 83
7 6 5 3 1
29 31 33 35 36
67 64 61 58 57 56
92 89 88 87 86
73 74 77 80 83
36 33 30 27 25 22 21
18 21 24 27 28 30 33 34
35 36 38 39 40 43 46
26 27 30 32 33 34
68 69 70 72 73
61 59 57 55 54 52 49
38 39 42 45 47 50 53
1 3 5 8 10 12 13 16
28 26 23 20 19 16
77 78 79 82 84
47 50 53 54 55 58 60
21 19 16 13 11
80 82 83 84 85
92 91 90 87 85 84 83 80
43 46 47 50 53
20 23 24 25 28
18 19 22 25 28 29 31 34
44 47 48 49 50 51 52 54
72 70 69 67 66 64
20 18 17 16 15 13 11 9
45 47 49 52 53 56 58
82 84 86 89 90
79 81 83 84 87 90 91 92
14 17 19 22 23 24 27
18 15 12 10 7 5
72 69 68 65 63
49 47 45 44 43 40 37
17 20 21 23 25 27
65 63 62 59 58
64 61 58 56 54
76 73 71 70 67 64
61 64 65 66 69
19 22 23 24 27 28 29
46 45 43 41 39 37
15 12 9 6 5 2 1
32 30 29 26 23 20
16 19 22 24 27 29 31 34
61 58 55 52 51 50 47 45
57 55 52 49 47 46
98 95 92 90 89
21 18 17 15 14 12
62 65 68 71 73 76
74 72 69 66 63 61
13 12 10 9 6 4 3 1
92 89 86 84 83 80 77
62 63 64 65 67 68 71
73 74 75 77 78 80 82
54 57 58 59 60 62 64 65
76 73 71 68 67 65 62 60
44 46 47 48 51
23 24 27 28 29 32
68 71 72 75 78 81
16 19 22 24 26
9 11 13 16 18 20 23
73 70 68 67 66 64 62
79 81 82 84 85
64 61 60 59 57 54 51 48
11 8 5 4 1
76 73 70 67 65 62 61 60
69 70 73 76 77 80 82 85
67 64 63 61 59 58 57 56
66 65 64 61 58 55 53 51
41 44 47 50 51 54 55
63 60 59 56 55 54 53 51
36 33 31 29 26 25
9 7 6 5 4
73 71 68 65 62
80 77 76 74 71 68 67
29 30 32 35 37 39
18 17 15 12 9 7 5 4
75 73 71 70 69 67 64 61
59 57 54 53 50 47
85 88 89 90 92 93
7 8 10 13 15 17 19 21
79 76 74 73 71 68 67
52 49 48 46 43 40 38 37
96 95 93 90 87 86 83
20 17 16 15 12 11 10 8
61 60 58 57 54 53 52 51
62 61 60 59 56 54
17 16 15 12 11 8 7
35 33 32 29 26 24 22 19
16 18 21 22 25 28
59 58 57 55 54 53 50
51 53 55 56 58 60 62
38 39 42 43 46 48 49
12 15 16 17 19 22
42 44 45 46 48 50
41 40 39 36 33 31
47 49 50 51 53 55
92 89 87 85 82 79 76 74
75 76 78 79 82
30 27 24 22 19
80 81 82 83 84 85 86 89
55 56 57 59 62 63 66 69
73 74 77 80 83 85 87 89
89 87 86 85 83 80 77 75
39 41 42 43 45 46 49 50
52 54 57 58 59 62 65 67
50 52 54 57 58 61 63 64
9 11 14 17 18
60 59 58 55 53 52 50 48
52 54 55 57 58
87 90 92 93 95 98 99
90 88 86 83 81 80 78
91 88 85 84 81 79 78 76
35 33 32 30 28 26 24
41 40 39 36 35 33 30 29
89 91 94 96 99
74 76 79 80 83 84 87
62 59 56 54 51 49
17 15 13 12 10 8 5
83 84 85 86 87 88
16 13 10 7 6 3 2
63 64 66 68 69 71 73 76
82 84 87 90 92 95 98
12 13 15 16 17 19
79 80 81 83 84 85 87 88
20 23 25 28 31 33 34 36
5 7 10 12 14
84 85 87 88 90 92 95
48 51 53 54 57
53 56 58 60 61 64 66
77 76 73 72 69 67
65 62 61 59 58 55
75 74 72 70 67 64
59 58 57 56 55 54
67 65 64 62 60 59 58
72 73 74 75 78 79 81
62 64 67 68 71 72 75
6 9 12 15 16 17
34 36 39 41 43 44
41 42 45 46 48 51
49 50 52 55 57 60 62 63
55 56 59 60 62 64 65
86 89 90 93 96
80 78 75 74 71 70 68 65
83 81 79 76 74 73
69 68 65 62 61 59
80 83 84 87 89 90 92
33 31 29 27 24 22
31 34 36 39 41
92 91 89 88 86 85 83
93 90 89 87 85 83
36 38 41 44 46 47
11 13 14 15 17 19 22 24
4 6 7 9 10 13 15
70 71 74 77 79 81
13 10 7 5 4
43 44 47 48 50 53 55 58
60 61 63 65 67 68 70 72
75 77 79 82 85 88
51 53 55 57 60 63 65
17 20 21 24 26
47 46 45 43 41 39 38
39 42 44 45 48 49 51
60 58 57 54 52 51 50
37 36 34 32 29 26 23
64 62 59 58 55 53 51
53 54 56 59 62 65 67
72 71 69 68 67
48 45 42 41 40 38
52 50 49 46 44 43 42
16 13 12 11 10 9
28 27 24 22 21 19 18
9 12 14 17 20 22 25 26
70 72 74 75 77 78
87 85 83 80 78 76 74 72
50 49 47 45 42 40
73 71 69 67 64 61 60 57
12 14 17 18 20 22
77 74 73 72 69 67
77 74 72 69 67 66 63 60
53 56 59 60 63 65 66
40 42 44 46 49 50 51 53
66 68 70 73 75 77 78 79
34 35 38 41 43 45 48 50
3 5 7 9 11 14
75 77 80 83 84 85 88 89
90 91 93 94 96
52 53 55 57 60
65 63 60 59 58
57 58 60 61 63 64
20 19 18 16 15 13
18 19 20 21 24 27
56 53 50 48 47
19 21 23 25 27 28 29 32
64 65 66 68 71
88 87 85 82 81 78
58 59 62 64 67
91 89 87 86 83 82
84 87 89 90 91 94 97
59 60 61 64 65 66 68 70
70 73 74 76 78 81
46 49 50 52 55
19 16 14 13 10 9 8
79 76 73 70 69 66 65
34 33 32 30 28 26
15 18 20 21 23 26
89 92 93 96 99
95 92 91 90 87
17 16 15 12 10 8
47 48 50 53 55 58
19 21 24 26 29 30 32 33
35 37 40 43 44 47 50 51
1 2 5 6 8 11
59 57 56 54 53 52 50 49
21 24 25 27 30 31
32 31 30 29 27 26
32 29 26 24 23 21
20 17 15 12 11 8 7 4
60 57 56 54 53 52 51 48
72 71 70 68 67 64 62 60
53 51 50 47 44 41 40 38
86 89 91 93 95
8 10 12 13 14 15 18 21
69 70 71 72 73 74 76
34 32 29 26 25 23 21
70 67 64 63 62 59 57
60 59 57 56 53 52 49
83 85 86 88 89
91 88 85 84 81
86 84 83 81 78
49 52 53 54 57
8 9 11 14 16 17 18 19
77 80 82 85 86 88 90 92
57 59 60 63 65 67 68
71 69 66 64 61 59 57
76 74 71 69 66 65
33 35 36 38 39 41 44 47
81 84 86 89 90 93
79 78 77 76 75 72 70 69
20 23 24 27 28 31
61 59 58 57 56 54 51 49
28 30 31 32 35 36 37
55 56 58 61 63 65
63 62 59 56 54
33 32 30 28 27
23 20 19 18 15 13 12 9
68 66 63 61 59 58 56 53
87 90 92 94 95 97
71 74 75 78 80 81
81 79 76 73 71 69 68
57 59 62 64 66 68
91 88 85 82 79 78 76
23 20 17 15 13 10
62 63 66 68 69 71
62 64 66 69 71 73 76 79
30 31 33 36 39 40 41
55 54 52 51 48 45 43
40 43 45 46 47 50
48 46 43 42 40 38
87 84 83 80 77 76